0 0 12 -2 28 -12 -2 -28 0 10 
0 0 -14 12 22 10 -28 -2 -2 0 
12 -14 0 8 14 -14 8 -2 -2 -28 
-2 12 8 0 -8 -8 10 8 -28 -2 
28 22 14 -8 0 -2 -8 -14 10 -12 
-12 10 -14 -8 -2 0 -8 14 22 28 
-2 -28 8 10 -8 -8 0 8 12 -2 
-28 -2 -2 8 -14 14 8 0 -14 12 
0 -2 -2 -28 10 22 12 -14 0 0 
10 0 -28 -2 -12 28 -2 12 0 0 
